image_width: 640
image_height: 480
camera_name: narrow_stereo
camera_matrix:
  rows: 3
  cols: 3
  data: [511.660710, 0.000000, 322.171232, 0.000000, 510.556198, 230.031477, 0.000000, 0.000000, 1.000000]
distortion_model: plumb_bob
distortion_coefficients:
  rows: 1
  cols: 5
  data: [0.181497, -0.315077, 0.001545, -0.002859, 0.000000]
rectification_matrix:
  rows: 3
  cols: 3
  data: [1.000000, 0.000000, 0.000000, 0.000000, 1.000000, 0.000000, 0.000000, 0.000000, 1.000000]
projection_matrix:
  rows: 3
  cols: 4
  data: [523.077820, 0.000000, 320.054374, 0.000000, 0.000000, 523.703125, 230.081122, 0.000000, 0.000000, 0.000000, 1.000000, 0.000000]
